100
57633.3333 30133.3333
57100.0000 30166.6667
57583.3333 30233.3333
56850.0000 30250.0000
56950.0000 30250.0000
57583.3333 30250.0000
56966.6667 30300.0000
56816.6667 30316.6667
56466.6667 30400.0000
56783.3333 30400.0000
57433.3333 30433.3333
56550.0000 30466.6667
56516.6667 30483.3333
56450.0000 30500.0000
56666.6667 30500.0000
57866.6667 30550.0000
56883.3333 30566.6667
57683.3333 30600.0000
56900.0000 30616.6667
56166.6667 30633.3333
57033.3333 30683.3333
57516.6667 30683.3333
56600.0000 30716.6667
56733.3333 30733.3333
57316.6667 30733.3333
56750.0000 30750.0000
57783.3333 30783.3333
56750.0000 30833.3333
56366.6667 30866.6667
55516.6667 30900.0000
56300.0000 30916.6667
55483.3333 30933.3333
55550.0000 30933.3333
56650.0000 30950.0000
55550.0000 30966.6667
57533.3333 30966.6667
55683.3333 31000.0000
56250.0000 31000.0000
56566.6667 31016.6667
56600.0000 31033.3333
56883.3333 31033.3333
56016.6667 31083.3333
56516.6667 31083.3333
57016.6667 31083.3333
57516.6667 31083.3333
57600.0000 31083.3333
57833.3333 31083.3333
55666.6667 31100.0000
55983.3333 31100.0000
57016.6667 31100.0000
56466.6667 31116.6667
55750.0000 31166.6667
57000.0000 31166.6667
57083.3333 31166.6667
56283.3333 31183.3333
56933.3333 31183.3333
55750.0000 31200.0000
57233.3333 31200.0000
55666.6667 31216.6667
56316.6667 31216.6667
55633.3333 31233.3333
55883.3333 31233.3333
57116.6667 31233.3333
55333.3333 31250.0000
55950.0000 31250.0000
56833.3333 31250.0000
57166.6667 31250.0000
57200.0000 31250.0000
56433.3333 31283.3333
55866.6667 31300.0000
56016.6667 31300.0000
57066.6667 31300.0000
57100.0000 31300.0000
57133.3333 31300.0000
57150.0000 31300.0000
57200.0000 31300.0000
57700.0000 31300.0000
55200.0000 31316.6667
57800.0000 31333.3333
57833.3333 31333.3333
57883.3333 31333.3333
55383.3333 31350.0000
56633.3333 31350.0000
57783.3333 31350.0000
57800.0000 31350.0000
57983.3333 31350.0000
55083.3333 31366.6667
55666.6667 31366.6667
55850.0000 31366.6667
55866.6667 31383.3333
57966.6667 31383.3333
56366.6667 31400.0000
57783.3333 31400.0000
54916.6667 31416.6667
56683.3333 31416.6667
55233.3333 31433.3333
55416.6667 31450.0000
56383.3333 31450.0000
55166.6667 31466.6667
56833.3333 31466.6667
54833.3333 31483.3333
54716.6667 31500.0000
55166.6667 31500.0000
56033.3333 31500.0000
57116.6667 31500.0000
54966.6667 31516.6667
55766.6667 31516.6667
55966.6667 31516.6667
57533.3333 31516.6667
57583.3333 31516.6667
55583.3333 31533.3333
55833.3333 31533.3333
56050.0000 31533.3333
55550.0000 31550.0000
57950.0000 31550.0000
54550.0000 31566.6667
55466.6667 31583.3333
57616.6667 31583.3333
55850.0000 31600.0000
56750.0000 31600.0000
56816.6667 31616.6667
55000.0000 31633.3333
56916.6667 31633.3333
56833.3333 31650.0000
56166.6667 31666.6667
56633.3333 31666.6667
57916.6667 31666.6667
54650.0000 31683.3333
54766.6667 31683.3333
55433.3333 31683.3333
55950.0000 31683.3333
56133.3333 31683.3333
57683.3333 31683.3333
56100.0000 31700.0000
55333.3333 31716.6667
54416.6667 31733.3333
55983.3333 31733.3333
55016.6667 31750.0000
55466.6667 31750.0000
56066.6667 31750.0000
54800.0000 31766.6667
56016.6667 31766.6667
56250.0000 31766.6667
54333.3333 31783.3333
54750.0000 31783.3333
55150.0000 31783.3333
56250.0000 31783.3333
54716.6667 31800.0000
55333.3333 31800.0000
55700.0000 31800.0000
56133.3333 31800.0000
54666.6667 31816.6667
55183.3333 31816.6667
55216.6667 31816.6667
55500.0000 31816.6667
55916.6667 31816.6667
55966.6667 31816.6667
54166.6667 31833.3333
55766.6667 31833.3333
55933.3333 31833.3333
55983.3333 31833.3333
57250.0000 31833.3333
56000.0000 31850.0000
54200.0000 31866.6667
57283.3333 31866.6667
55433.3333 31883.3333
55966.6667 31883.3333
56000.0000 31883.3333
57333.3333 31883.3333
57483.3333 31883.3333
57516.6667 31883.3333
54150.0000 31900.0000
54783.3333 31900.0000
55133.3333 31900.0000
55466.6667 31900.0000
55883.3333 31900.0000
54733.3333 31916.6667
55933.3333 31916.6667
56016.6667 31916.6667
57250.0000 31916.6667
57716.6667 31916.6667
57883.3333 31950.0000
55050.0000 31966.6667
57516.6667 31966.6667
54166.6667 31983.3333
55683.3333 31983.3333
57416.6667 31983.3333
54133.3333 32000.0000
55483.3333 32000.0000
57166.6667 32000.0000
57300.0000 32000.0000
57583.3333 32000.0000
54200.0000 32016.6667
55066.6667 32016.6667
57333.3333 32016.6667
57466.6667 32016.6667
54183.3333 32033.3333
54566.6667 32033.3333
55666.6667 32033.3333
55783.3333 32033.3333
54633.3333 32050.0000
54866.6667 32050.0000
55383.3333 32050.0000
53766.6667 32066.6667
56350.0000 32066.6667
54250.0000 32083.3333
55650.0000 32083.3333
56866.6667 32083.3333
57916.6667 32083.3333
53750.0000 32100.0000
54866.6667 32100.0000
57416.6667 32100.0000
57816.6667 32100.0000
54066.6667 32116.6667
57566.6667 32116.6667
54200.0000 32150.0000
54883.3333 32150.0000
54950.0000 32150.0000
55050.0000 32150.0000
56116.6667 32150.0000
53750.0000 32166.6667
54116.6667 32166.6667
55016.6667 32166.6667
55950.0000 32166.6667
55033.3333 32183.3333
55283.3333 32183.3333
56066.6667 32183.3333
54066.6667 32200.0000
58000.0000 32200.0000
55600.0000 32216.6667
56016.6667 32216.6667
54983.3333 32233.3333
55733.3333 32233.3333
56500.0000 32233.3333
55750.0000 32250.0000
56516.6667 32250.0000
57300.0000 32250.0000
54916.6667 32266.6667
55900.0000 32266.6667
58050.0000 32283.3333
55333.3333 32300.0000
58075.5556 32321.3889
55883.3333 32333.3333
55966.6667 32333.3333
57050.0000 32333.3333
57800.0000 32333.3333
57933.3333 32333.3333
58133.3333 32333.3333
53833.3333 32350.0000
54133.3333 32350.0000
55833.3333 32350.0000
56550.0000 32350.0000
57200.0000 32350.0000
54183.3333 32366.6667
54766.6667 32366.6667
57850.0000 32366.6667
57983.3333 32366.6667
54350.0000 32383.3333
54666.6667 32383.3333
55066.6667 32383.3333
56683.3333 32383.3333
57500.0000 32383.3333
57600.0000 32383.3333
55350.0000 32400.0000
56716.6667 32400.0000
56900.0000 32400.0000
56166.6667 32416.6667
56333.3333 32416.6667
57383.3333 32416.6667
57583.3333 32416.6667
58150.0000 32416.6667
56350.0000 32433.3333
55033.3333 32450.0000
56033.3333 32450.0000
54316.6667 32466.6667
55233.3333 32466.6667
56166.6667 32466.6667
53516.6667 32483.3333
53716.6667 32483.3333
56350.0000 32483.3333
57750.0000 32483.3333
54016.6667 32500.0000
54416.6667 32500.0000
56033.3333 32500.0000
53483.3333 32516.6667
54533.3333 32516.6667
54583.3333 32516.6667
54683.3333 32516.6667
57750.0000 32516.6667
54566.6667 32533.3333
55500.0000 32533.3333
57133.3333 32533.3333
53416.6667 32566.6667
56883.3333 32566.6667
57366.6667 32566.6667
57483.3333 32566.6667
53383.3333 32583.3333
55583.3333 32600.0000
54600.0000 32616.6667
